000155
000509
000510
000568
000586
000593
000598
000628
000629
000710
000731
000757
000790
000801
000803
000810
000835
000858
000876
000888
000912
000935
002023
002143
002190
002246
002253
002258
002259
002268
002272
002312
002357
002366
002386
002422
002466
002480
002497
002539
002628
002630
002651
002697
002749
002773
002777
002798
002818
002926
002935
002946
002951
300019
300022
300028
300092
300101
300127
300249
300362
300366
300414
300425
300432
300434
300440
300463
300467
300470
300471
300492
300502
300504
300535
300540
300547
300559
300678
300696
300733
300780
300789